function pos=get_initial_configuration()
pos=[0   0
4.47921000000000e-08    -1.82000000000000e-14
8.95841000000000e-08    -7.28000000000000e-14
1.34376000000000e-07    -1.64000000000000e-13
1.79168000000000e-07    -2.91000000000000e-13
2.23960000000000e-07    -4.55000000000000e-13
2.68752000000000e-07    -6.55000000000000e-13
3.13544000000000e-07    -8.91000000000000e-13
3.58337000000000e-07    -1.16000000000000e-12
4.03129000000000e-07    -1.47000000000000e-12
4.47921000000000e-07    -1.82000000000000e-12
8.95841000000000e-07    -7.28000000000000e-12
1.34376000000000e-06    -1.64000000000000e-11
1.79168000000000e-06    -2.91000000000000e-11
2.23960000000000e-06    -4.55000000000000e-11
2.68752000000000e-06    -6.55000000000000e-11
3.13544000000000e-06    -8.91000000000000e-11
3.58336000000000e-06    -1.16000000000000e-10
4.03128000000000e-06    -1.47000000000000e-10
4.47920000000000e-06    -1.82000000000000e-10
8.95837000000000e-06    -7.28000000000000e-10
1.34375000000000e-05    -1.64000000000000e-09
1.79167000000000e-05    -2.91000000000000e-09
2.23958000000000e-05    -4.55000000000000e-09
2.68749000000000e-05    -6.55000000000000e-09
3.13539000000000e-05    -8.91000000000000e-09
3.58330000000000e-05    -1.16000000000000e-08
4.03120000000000e-05    -1.47000000000000e-08
4.47910000000000e-05    -1.82000000000000e-08
8.95798000000000e-05    -7.27000000000000e-08
0.000134367000000000    -1.63000000000000e-07
0.000179151000000000    -2.90000000000000e-07
0.000223933000000000    -4.53000000000000e-07
0.000268714000000000    -6.52000000000000e-07
0.000313492000000000    -8.87000000000000e-07
0.000358268000000000    -1.16000000000000e-06
0.000403042000000000    -1.46000000000000e-06
0.000447814000000000    -1.81000000000000e-06
0.000895416000000000    -7.18000000000000e-06
0.00134281100000000 -1.60000000000000e-05
0.00179000300000000 -2.83000000000000e-05
0.00223699700000000 -4.40000000000000e-05
0.00268379600000000 -6.29000000000000e-05
0.00313040600000000 -8.50000000000000e-05
0.00357683000000000 -0.000110000000000000
0.00402307200000000 -0.000139000000000000
0.00446913800000000 -0.000170000000000000
0.00892100700000000 -0.000631000000000000
0.0133599120000000  -0.00131000000000000
0.0177901580000000  -0.00214000000000000
0.0222160500000000  -0.00304000000000000
0.0266418940000000  -0.00394000000000000
0.0310719950000000  -0.00477000000000000
0.0355106570000000  -0.00546000000000000
0.0399621860000000  -0.00593000000000000
0.0444308870000000  -0.00611547800000000];
end
